5
10 59864
688 2035 8547 2955 2901 2305 2744 6263 2591 1642 
48160 59015 42735 76830 75426 27660 68600 62630 20728 64038 
10 88579
184 1158 5380 1153 1967 3003 1090 4421 6658 8336 
78936 91482 86080 85322 96383 90090 87200 70736 79896 16672 
10 90282
1658 1181 6601 7820 457 5177 360 3719 4372 44 
67978 55507 59409 93840 44786 20708 63360 89256 8744 39292 
10 76594
8376 3057 1401 3503 3171 1609 7280 1411 7662 4317 
83760 24456 33624 49042 19026 99758 14560 73372 76620 25902 
10 91069
369 2796 3002 542 5159 4978 7278 2083 338 5517 
40590 86676 24016 85636 51590 19912 21834 93735 22646 60687 
