10
3 4
1011
1000
0011
20 10110000111111111100
4 8
10010111
01111010
10110010
00011100
16 0111101010010101
2 4
1011
1001
20 10111000101011010001
3 5
00011
01010
01100
20 01010111000011111010
2 8
11001010
00010100
16 0001010000011101
3 5
10010
10000
11011
20 11011010111000110001
4 7
1001001
0010111
0101000
1010001
14 01010001001010
3 6
100011
000000
001111
18 001111011011110010
4 9
000010000
000010010
111110100
000001110
18 000010000001011111
4 9
010010000
001111000
011000010
111101101
18 001111000110011101
